,0,1,2,3,4,5,6,7,8,9,10,11,12,13,14,15,16,17,18,19,20,21,22,23,24
0,2.6272711188179407e-08,2.868641222347111e-05,1.0387842405868378e-07,0.0104987088717312,8.234060514354221e-07,1.0249681823770117e-06,3.1392544570785805e-06,1.8541784849742959e-06,3.8777537381404616e-08,2.2977961380271423e-05,4.120415384502779e-06,8.589207258410977e-06,1.763846245202576e-08,0.9877386029808215,5.000172850275486e-10,1.0141491773486676e-07,5.086298603293271e-06,1.2661525085900554e-05,6.89877620933228e-10,1.4811695531198575e-05,8.013205174891941e-07,1.991867160374895e-07,0.001602057015235907,3.173072030674249e-08,5.553439966711997e-05
1,4.003795032206002e-08,4.476605878798604e-05,1.6039082522953356e-07,0.011456305006152738,1.517685032019072e-06,1.8425002357357858e-06,4.149319207839656e-06,3.7029107513926784e-06,8.488269012728594e-08,3.446547109848099e-05,5.7519383874025765e-06,1.0244556616414014e-05,3.391940688051914e-08,0.9866998254724821,1.13348815463321e-09,2.685827639954742e-07,8.605480168467492e-06,1.662029516719039e-05,1.6802391336885156e-09,3.088154958384783e-05,1.2867146611382936e-06,3.4742619143972353e-07,0.0016185620996011841,5.272703278424269e-08,6.0482161478126614e-05
2,3.1254473807833015e-08,3.264020222569213e-05,8.419395436251878e-08,0.00697007787307593,1.8251641976217118e-06,1.1730195058909749e-06,3.247857288391218e-06,2.4361070515839573e-06,5.528188344626446e-08,2.0732730719624942e-05,4.64730792586119e-06,7.4390468039782755e-06,2.946431165622241e-08,0.9915502357738043,9.942751427449104e-10,1.7407435773313412e-07,8.476472977908561e-06,1.3247792413283684e-05,9.512141926587673e-10,2.8124555316491345e-05,7.98434165978362e-07,2.342818462600066e-07,0.0012899934377109921,2.993968245035849e-08,6.426378881752185e-05
3,2.942935761974238e-08,3.2761754691042055e-05,1.0360240032622897e-07,0.009814289641282713,1.320653862954245e-06,1.3857802748733856e-06,3.159235434513662e-06,2.5883994979131094e-06,5.797490292468461e-08,2.2464580172223923e-05,5.453748427052677e-06,8.578371752343205e-06,2.7990242644200637e-08,0.9884328059454732,8.017273124595795e-10,1.6808151483844982e-07,8.393612405572768e-06,1.3996798133068374e-05,1.1049158900179207e-09,2.4039111784534288e-05,1.0171111783482257e-06,2.78635285098251e-07,0.001572582729907638,4.1088979473113126e-08,5.4453816395887046e-05
4,3.055495130120124e-08,3.186060385623578e-05,9.90665531411882e-08,0.009358715321232367,1.3219754779424212e-06,1.3523314178588631e-06,3.033742352665539e-06,2.4438213600066274e-06,6.022299326319393e-08,2.060935881555947e-05,5.252592074730154e-06,9.321582656463124e-06,3.369550264325129e-08,0.9889897663062325,7.816438804583788e-10,1.6529598823714126e-07,9.111913831756908e-06,1.406388982830757e-05,1.1433943688670152e-09,2.4204615188666807e-05,1.0520834926607453e-06,2.8501877408558796e-07,0.00147176481856153,4.1538184415494936e-08,5.5407725635360975e-05
5,2.9102157424501866e-08,3.0133042500959096e-05,9.410943718364682e-08,0.011124290486423072,1.0531089394967281e-06,1.2855242695132707e-06,2.7663204967619065e-06,2.269184557626261e-06,5.681563645990788e-08,2.1788917172249778e-05,4.8872981524203975e-06,9.02084016985199e-06,2.7573104008768804e-08,0.9872804309935006,6.804676362702649e-10,1.5488482814089695e-07,8.09849065859742e-06,1.6524968298992863e-05,9.569629038148131e-10,2.2508719879379545e-05,1.021703088587111e-06,2.803875909695474e-07,0.0014199893889073562,4.160013561547946e-08,5.3244902664175144e-05
6,2.942935761974238e-08,3.2761754691042055e-05,1.0360240032622897e-07,0.009814289641282713,1.320653862954245e-06,1.3857802748733856e-06,3.159235434513662e-06,2.5883994979131094e-06,5.797490292468461e-08,2.2464580172223923e-05,5.453748427052677e-06,8.578371752343205e-06,2.7990242644200637e-08,0.9884328059454732,8.017273124595795e-10,1.6808151483844982e-07,8.393612405572768e-06,1.3996798133068374e-05,1.1049158900179207e-09,2.4039111784534288e-05,1.0171111783482257e-06,2.78635285098251e-07,0.001572582729907638,4.1088979473113126e-08,5.4453816395887046e-05
7,8.364801208949338e-08,4.383848619053134e-05,3.0653732833123307e-07,0.010825906958853828,1.8100587943401988e-06,2.2206391291510657e-06,4.936781096341987e-06,3.6240237059035515e-06,7.937292924198222e-08,3.545545733680754e-05,6.606544007240948e-06,1.0410262387480179e-05,5.029836104539965e-08,0.9868720164104867,6.520174567382307e-10,1.746409505100596e-07,8.844555010603482e-06,1.9670655865708714e-05,1.9112580309723297e-09,3.0490783893212085e-05,1.1108444038043783e-06,1.9959584522670535e-07,0.0020646853390118174,8.319789632100822e-08,6.739234522840116e-05
8,3.117908526020372e-08,1.867903966918822e-05,5.395531414585205e-08,0.005383929942803653,3.385377223729311e-06,2.2937959019325907e-06,2.8066984371130623e-06,4.321101059740271e-06,2.3417681374458278e-07,1.160271294797095e-05,1.4423868722826365e-05,1.1727239511511977e-05,8.00816598824981e-08,0.9935645469935245,1.266264844157114e-08,6.901781886546703e-07,7.038323905934633e-05,6.444891834435929e-05,2.4617664980099635e-09,4.284583784214686e-05,3.960124440019991e-06,4.549022432880024e-06,0.0006659980321791821,4.008797602006051e-08,0.0001289532724475125
9,5.2839231237467703e-08,9.859875056188544e-06,2.0159517286784092e-08,0.0006689593906679002,7.659346612794438e-06,1.0665274869276407e-06,1.757007523653037e-06,2.779275189967423e-06,6.574497883090631e-08,2.6959479896646056e-06,1.1398568261852653e-05,2.176203989177123e-06,3.3028176933413625e-08,0.9988492693070473,3.3474386242893846e-09,1.3418529907015898e-07,4.219725330538195e-05,2.4767717401338606e-05,1.353332349485276e-09,1.3529404959147625e-05,3.9734118879530666e-07,5.77145356735974e-07,0.00029145630846578015,1.0575346961779026e-08,6.913214617597503e-05
10,2.942935761974238e-08,3.2761754691042055e-05,1.0360240032622897e-07,0.009814289641282713,1.320653862954245e-06,1.3857802748733856e-06,3.159235434513662e-06,2.5883994979131094e-06,5.797490292468461e-08,2.2464580172223923e-05,5.453748427052677e-06,8.578371752343205e-06,2.7990242644200637e-08,0.9884328059454732,8.017273124595795e-10,1.6808151483844982e-07,8.393612405572768e-06,1.3996798133068374e-05,1.1049158900179207e-09,2.4039111784534288e-05,1.0171111783482257e-06,2.78635285098251e-07,0.001572582729907638,4.1088979473113126e-08,5.4453816395887046e-05
11,3.122788492963244e-08,3.3143891726184705e-05,1.0652590416970124e-07,0.00984202413197466,1.386611476858521e-06,1.4169976500305545e-06,3.21688777355756e-06,2.621804689882687e-06,6.087622940177246e-08,2.2413774236455767e-05,5.5551046596544715e-06,9.18280075399256e-06,3.279885556278293e-08,0.9883818581783337,8.09345809311107e-10,1.7431682188550195e-07,9.00957114717597e-06,1.4243124060644965e-05,1.1804895860081574e-09,2.5778931741602925e-05,1.0610013058792997e-06,2.84241254366165e-07,0.001590845802593303,4.434691261611691e-08,5.550506217805523e-05
12,2.023854188923668e-08,2.0422814260506584e-05,3.8857550620077416e-08,0.004579443589856392,1.1336188524338334e-06,8.648602314116451e-07,1.643920279489017e-06,9.949646407720916e-07,2.91927527345541e-08,1.2273925104481949e-05,2.517733907494206e-06,4.1080085711918286e-06,1.901565829902505e-08,0.9944437555348148,4.07082054497643e-10,7.738945285528893e-08,7.257449121631585e-06,1.1011565912167476e-05,4.49864518322428e-10,1.4550372279014371e-05,4.934002086250486e-07,1.268759053995385e-07,0.0008465690276086875,1.5206803539235357e-08,5.263158073897437e-05
13,4.078749165428122e-07,0.00027000196290316705,6.728951560178531e-07,0.021636989454498115,5.329068534610304e-06,7.614593130378873e-06,9.508150711105457e-06,3.1474922265222575e-06,3.5665105131320283e-07,0.00027258748153446554,2.488438497974224e-06,1.0384675976075622e-05,9.25110702859097e-08,0.9747373083270541,2.729788483673021e-09,6.839157237188906e-07,2.135776148729823e-05,8.577123527211138e-05,4.651204518712795e-09,0.00011666404626811553,2.517904493477559e-06,3.456879976338388e-07,0.002461447670715399,1.3523251992643194e-07,0.000354179587268657
14,2.6814467134934907e-08,3.61388890430235e-05,7.559884071456756e-08,0.00800399607561647,1.3831032656863961e-06,1.2050492412909642e-06,3.017357518777495e-06,2.2266682565282083e-06,5.1016088995750876e-08,2.2179877952858084e-05,5.016062633274135e-06,7.061551485332606e-06,2.202482489301742e-08,0.990473793654556,7.276303866425936e-10,1.4844629428671794e-07,6.778122456375219e-06,1.2232450952316415e-05,1.0668767776488484e-09,2.158928840067279e-05,7.987522575892693e-07,2.2923018430241549e-07,0.001354405919860785,3.516318506249423e-08,4.7587088110419856e-05
15,2.942935761974238e-08,3.2761754691042055e-05,1.0360240032622897e-07,0.009814289641282713,1.320653862954245e-06,1.3857802748733856e-06,3.159235434513662e-06,2.5883994979131094e-06,5.797490292468461e-08,2.2464580172223923e-05,5.453748427052677e-06,8.578371752343205e-06,2.7990242644200637e-08,0.9884328059454732,8.017273124595795e-10,1.6808151483844982e-07,8.393612405572768e-06,1.3996798133068374e-05,1.1049158900179207e-09,2.4039111784534288e-05,1.0171111783482257e-06,2.78635285098251e-07,0.001572582729907638,4.1088979473113126e-08,5.4453816395887046e-05
16,2.9759253249064013e-08,3.267066293678276e-05,1.049299717209868e-07,0.00982616791474062,1.3367720969375779e-06,1.4068243438981841e-06,3.146369584754855e-06,2.5847392098323452e-06,5.8058395921626625e-08,2.2283056833530666e-05,5.522209273377813e-06,8.457988233412753e-06,2.809017263742037e-08,0.9884082085950576,7.980468255645931e-10,1.6747544882885755e-07,8.460420814928797e-06,1.400604626126053e-05,1.1025178768176144e-09,2.4086261151558623e-05,1.0039109976719155e-06,2.748470429195769e-07,0.0015854388792672467,4.1468858927119284e-08,5.451281948747879e-05
17,2.6324677309623096e-07,0.00018015163034637837,1.4788093067387663e-06,0.02646630197757554,3.523215615014914e-06,1.2760977837987354e-05,1.1268683445073826e-05,7.939939000002314e-06,3.767067288307469e-07,0.00018008952686258405,1.1593313574397535e-05,1.1388789758578801e-05,4.637842838628355e-08,0.9699732946450966,4.2630118230167e-09,7.96796837583289e-07,1.0873666228807737e-05,5.8323176702806295e-05,7.855250599505909e-09,5.978322698052928e-05,2.960016011813589e-06,4.6684037515663196e-07,0.0028426353408279926,2.3813037229581707e-07,0.00016343284705141008
18,9.087915828115568e-08,0.0001678508300293153,1.1975463579889672e-06,0.053132960169747175,2.575844730129276e-06,8.58316835238069e-06,7.470300991607615e-06,1.9712847499382393e-05,3.2281095912324875e-07,5.624555319902739e-05,3.9809021877218175e-05,1.3890940503221593e-05,2.998031202029278e-08,0.9409313042450016,2.37663384358546e-09,9.463193799230633e-07,5.957569941865254e-06,1.18519274240463e-05,9.49188467029037e-09,5.558798363398767e-05,1.7266602923650876e-06,4.6483569442403626e-07,0.0055149471237222825,4.822748318898544e-07,2.597929784209454e-05
19,2.9060667194235836e-08,3.9139532593647826e-05,1.313761066774042e-07,0.01302382617726112,1.2195739188784259e-06,1.208565659451813e-06,4.5878522706942075e-06,3.141703601989357e-06,7.489215570220909e-08,2.622460168175607e-05,5.336682071187845e-06,1.481328859545254e-05,3.332905208900948e-08,0.9851584258009832,1.044916505971891e-09,2.1360265687058878e-07,7.653684999768494e-06,1.3463522991291878e-05,1.2281792249014294e-09,2.5593443751819423e-05,1.3974296285327842e-06,3.8040490473972096e-07,0.0016109177337091057,4.3352630393696446e-08,6.214211501283689e-05
20,2.4028674566345725e-08,3.090734014881226e-05,1.0634159982861729e-07,0.011202583943719806,1.1250826452328884e-06,1.271521154852025e-06,3.5483927938148603e-06,3.954101610636152e-06,6.383140854165376e-08,2.2270002886494336e-05,6.717858163764288e-06,1.117851684584761e-05,2.6099048605005614e-08,0.9871700505167074,1.371495956722428e-09,2.2337924236599958e-07,8.625113813058997e-06,1.4699915924620922e-05,1.2791716899317937e-09,2.394780922393827e-05,1.2446243305706434e-06,4.883616745499572e-07,0.0014437938916296565,3.8012183923432876e-08,5.310866390127691e-05
21,3.123468812867715e-08,3.281637906956342e-05,1.1751137260975995e-07,0.009997038001410578,1.5642552881638702e-06,1.5780967493052473e-06,3.522136213562523e-06,2.6806084528242253e-06,5.975086453397934e-08,2.3002359078424175e-05,6.36108147724189e-06,8.474672963885764e-06,2.998202756025369e-08,0.9879165037487974,9.011849398101688e-10,1.673351710094393e-07,9.75174688596366e-06,1.4441365826393905e-05,1.168556640202968e-09,2.515825372149612e-05,1.0981889755677118e-06,2.939053677722588e-07,0.0018935258868604064,4.5350670502346476e-08,6.173607832565515e-05
22,4.205961750899964e-08,2.842279067503519e-05,1.2880678747607494e-07,0.009776590627801606,1.3650310862355471e-06,1.8155399469768489e-06,2.7419849922591357e-06,2.9439837991826176e-06,6.711164331583938e-08,2.193219539056276e-05,6.42846487530731e-06,7.124452270216912e-06,2.8728160836624175e-08,0.9887216574608203,9.091433654318121e-10,1.8570838033340017e-07,1.0976001089630544e-05,2.352050769932862e-05,1.1652160403729432e-09,2.3625535406595644e-05,1.0609506787046587e-06,3.2022803755768753e-07,0.0013095760534432921,4.5554996573209356e-08,5.9398148041664976e-05
23,2.942935761974238e-08,3.2761754691042055e-05,1.0360240032622897e-07,0.009814289641282713,1.320653862954245e-06,1.3857802748733856e-06,3.159235434513662e-06,2.5883994979131094e-06,5.797490292468461e-08,2.2464580172223923e-05,5.453748427052677e-06,8.578371752343205e-06,2.7990242644200637e-08,0.9884328059454732,8.017273124595795e-10,1.6808151483844982e-07,8.393612405572768e-06,1.3996798133068374e-05,1.1049158900179207e-09,2.4039111784534288e-05,1.0171111783482257e-06,2.78635285098251e-07,0.001572582729907638,4.1088979473113126e-08,5.4453816395887046e-05
24,5.990530417306321e-08,4.281638918549941e-05,5.118609285282996e-07,0.014112463997827857,4.231008882979115e-06,4.082553495500031e-06,1.1424877135323187e-05,6.3920291602462815e-06,1.4929918607916977e-07,4.159988685883933e-05,1.87216268378404e-05,1.6707989185978237e-05,6.147059547316848e-08,0.9809048077012449,4.3913371392045065e-09,3.9841763253367054e-07,2.0238572357320178e-05,2.298919919526045e-05,2.790260965032129e-09,4.442634754918933e-05,3.4087273449186358e-06,8.026542955665743e-07,0.004580801425520517,1.0625884027267543e-07,0.00016279061983705422
25,1.4074471923034236e-08,1.7961024638295635e-05,5.53028705506798e-08,0.00829751632193943,7.808835183216969e-07,8.309034437695512e-07,1.9959863774319183e-06,3.002925970339799e-06,2.8957114533149774e-08,1.199301817989038e-05,6.5746977629505176e-06,5.827564751061231e-06,1.3905543362011427e-08,0.990409592132392,4.210997344645211e-10,1.1524648675327823e-07,5.1159197891183925e-06,8.608515435024417e-06,7.092190717322058e-10,1.536816041326599e-05,5.616470677778349e-07,1.973341057010203e-07,0.0011917247761697033,2.8739175707396608e-08,2.2090832064211514e-05
26,7.940320683937006e-08,4.6522510858542236e-05,2.3704833901638636e-07,0.014894611223244588,2.135645708780679e-06,2.803610657807339e-06,3.5019636780781615e-06,2.9476164181910114e-06,9.825937355125204e-08,3.403379829210209e-05,8.077341810088594e-06,9.514066219053672e-06,6.163806577006149e-08,0.9818626727021212,6.266860553983013e-10,2.0735868663074882e-07,1.5358193001003777e-05,2.5864414665917118e-05,1.999612834942678e-09,4.451489003986577e-05,1.4762246909681099e-06,2.776631362681535e-07,0.002978578540412993,1.339632204609442e-07,6.628929785328574e-05
27,2.7878904326869277e-08,3.129568110874257e-05,9.965181911270576e-08,0.010276662014028867,1.1975605097984835e-06,1.4604900195070309e-06,2.9770985414651345e-06,2.9811936926305685e-06,6.418599100590264e-08,2.19286758627674e-05,6.073445907631891e-06,8.904870051860984e-06,2.729109998030498e-08,0.9881001567708908,1.0073249419571311e-09,1.9488666380270622e-07,9.465171521078163e-06,1.606077216729586e-05,1.2486886254669434e-09,2.345814331706179e-05,1.1354606976601032e-06,3.949099475648593e-07,0.001442949207747527,4.221481576154878e-08,5.244016868027065e-05
28,2.942935761974238e-08,3.2761754691042055e-05,1.0360240032622897e-07,0.009814289641282713,1.320653862954245e-06,1.3857802748733856e-06,3.159235434513662e-06,2.5883994979131094e-06,5.797490292468461e-08,2.2464580172223923e-05,5.453748427052677e-06,8.578371752343205e-06,2.7990242644200637e-08,0.9884328059454732,8.017273124595795e-10,1.6808151483844982e-07,8.393612405572768e-06,1.3996798133068374e-05,1.1049158900179207e-09,2.4039111784534288e-05,1.0171111783482257e-06,2.78635285098251e-07,0.001572582729907638,4.1088979473113126e-08,5.4453816395887046e-05
29,2.942935761974238e-08,3.2761754691042055e-05,1.0360240032622897e-07,0.009814289641282713,1.320653862954245e-06,1.3857802748733856e-06,3.159235434513662e-06,2.5883994979131094e-06,5.797490292468461e-08,2.2464580172223923e-05,5.453748427052677e-06,8.578371752343205e-06,2.7990242644200637e-08,0.9884328059454732,8.017273124595795e-10,1.6808151483844982e-07,8.393612405572768e-06,1.3996798133068374e-05,1.1049158900179207e-09,2.4039111784534288e-05,1.0171111783482257e-06,2.78635285098251e-07,0.001572582729907638,4.1088979473113126e-08,5.4453816395887046e-05
30,2.942935761974238e-08,3.2761754691042055e-05,1.0360240032622897e-07,0.009814289641282713,1.320653862954245e-06,1.3857802748733856e-06,3.159235434513662e-06,2.5883994979131094e-06,5.797490292468461e-08,2.2464580172223923e-05,5.453748427052677e-06,8.578371752343205e-06,2.7990242644200637e-08,0.9884328059454732,8.017273124595795e-10,1.6808151483844982e-07,8.393612405572768e-06,1.3996798133068374e-05,1.1049158900179207e-09,2.4039111784534288e-05,1.0171111783482257e-06,2.78635285098251e-07,0.001572582729907638,4.1088979473113126e-08,5.4453816395887046e-05
31,5.137655829760715e-08,3.567424393963865e-05,1.6119954448971538e-07,0.00982573614915195,1.3122579395163343e-06,1.503593263540576e-06,3.465584281233112e-06,3.512664132834134e-06,5.772740555632906e-08,2.7085160792476653e-05,5.198266511836382e-06,8.224451745750045e-06,3.1849272809592645e-08,0.9885195549654506,6.324459683341748e-10,1.5765529599998312e-07,8.174936318305407e-06,1.788272656832537e-05,1.3435425503530848e-09,2.3814891770451648e-05,8.997605489222598e-07,2.210038366161442e-07,0.0014642693421310687,4.625925343786805e-08,5.296195829794231e-05
32,3.209153613921515e-08,3.543195954781258e-05,1.0887947960880739e-07,0.009777632620613177,1.3513133164009e-06,1.4798572371505487e-06,3.2541045082040068e-06,2.7208949534799203e-06,6.23969723258272e-08,2.3818271075602928e-05,5.676191022990153e-06,8.901089396654211e-06,2.9505133861432214e-08,0.9884460779874701,8.43458467362787e-10,1.7460633147368214e-07,8.758131020172625e-06,1.4578862219279862e-05,1.2970937304128307e-09,2.4424270565089595e-05,1.0804975461968897e-06,3.007829823156782e-07,0.0015894966946406225,4.4912442792730625e-08,5.4561939436455156e-05
33,1.9960055031689964e-07,0.00014884760421955627,1.0103381126997554e-06,0.019977039010787668,4.534945990551928e-06,3.3381172371233958e-06,1.8886429876266953e-05,3.713852426673904e-06,3.364369128411563e-07,7.604898123720449e-05,7.093586776046217e-06,2.6662940308678167e-05,4.08356819870314e-08,0.97689703903177,6.9706917479471505e-09,3.867474249391433e-07,7.795956215908377e-06,3.896315160925789e-05,2.031177563222985e-09,4.256642690929696e-05,2.736987412977891e-06,3.976093678482648e-07,0.002290415123438732,6.76989724939821e-08,0.0004518695848914012
34,3.4294365621765555e-09,1.0312519771466575e-05,2.950321141299155e-08,0.011105240788151824,7.091261693538229e-07,7.326124908512785e-07,2.1640941375694755e-06,1.4065386939265626e-06,1.1154155408780347e-08,2.561007550371809e-05,3.306494210324524e-06,4.232069226261419e-06,9.738790502867886e-09,0.9860512724246127,4.786865719025463e-10,1.4482822629341336e-07,4.969538842132084e-06,6.089852660586341e-06,1.858501386852179e-10,2.440105039637698e-05,6.776734836372373e-07,1.6650178892630376e-07,0.002714975747649729,1.4767801172522661e-08,4.3518806052573143e-05
35,1.2579060835741786e-07,4.6927385555254884e-05,2.344108354309544e-07,0.014141185713913238,1.1570015714790083e-06,1.5633316268862894e-06,4.165569990994811e-06,4.262371001995219e-06,1.1813640709747019e-07,3.4542358011911e-05,4.872659646234306e-06,1.3899654604947835e-05,4.116682509394198e-08,0.9845143479837869,7.376302440046606e-10,1.8520418656323438e-07,1.1504714270137459e-05,5.150011337661395e-05,1.906182721777623e-09,2.3422145063738728e-05,1.4754891313278417e-06,4.3834054265807165e-07,0.001069471154257115,6.843711935068522e-08,7.448822385377256e-05
36,2.9674127683704596e-08,2.5492872996210365e-05,8.046806231536101e-08,0.007968138168022759,9.528495470140859e-07,7.896905637085074e-07,2.845648610609026e-06,3.2075570378833553e-06,5.755918617301657e-08,1.4639370340960615e-05,4.257278388364246e-06,1.2914925154588204e-05,3.6005130417707534e-08,0.9910367239723586,8.714138185767715e-10,1.7638966291166307e-07,8.584796706139207e-06,1.3449508864719513e-05,1.043477498238293e-09,2.0682555558278922e-05,8.70867306668624e-07,3.75092227350877e-07,0.0008355852368203721,2.639635216413732e-08,5.008120208278968e-05
37,1.4487146762135228e-08,2.4791646122849706e-05,6.136108348268585e-08,0.006818521204471845,1.2656038170349166e-06,1.1202100792778121e-06,2.8178664811758237e-06,2.6262646813706936e-06,4.216763767784716e-08,1.56155326162031e-05,5.408961375890067e-06,6.871177143968587e-06,1.8837770644831392e-08,0.9918035576397138,1.1454767690746758e-09,1.6820236623886127e-07,7.0030506374991585e-06,8.201622642964023e-06,8.633153170993547e-10,1.8472196750752475e-05,7.974563981293483e-07,2.8493337461469367e-07,0.0012350017483906239,2.1049938383309848e-08,4.7314770566999756e-05
38,6.076383877324945e-08,4.5125888142674604e-05,1.832744488549886e-07,0.007786148261825936,2.188735982248865e-06,2.3427592673069613e-06,4.639548861318478e-06,2.6440491447166657e-06,9.020305510383763e-08,2.9529991455945342e-05,5.720408609394565e-06,8.096255256206304e-06,3.538312692848268e-08,0.9905800407038793,1.2295485670018096e-09,2.0535249692622653e-07,8.064970456568812e-06,1.738034551011822e-05,1.6404844988273287e-09,2.332353084274735e-05,1.0016626817822503e-06,2.321969814289561e-07,0.0014012053079427357,4.9090376922977795e-08,8.16884457832593e-05
39,4.1494997013108534e-08,2.778905620068888e-05,2.4396391050194e-07,0.013986818173874394,1.7304756003506934e-06,3.1145021513536357e-06,4.708273788057548e-06,5.635918273760624e-06,8.906691095031586e-08,3.368648582713097e-05,8.612929809231325e-06,1.1344782486908351e-05,5.8798190690820626e-08,0.9836538676083527,1.4256664875865628e-09,3.2483963460148724e-07,1.617759181539559e-05,2.3789441140504004e-05,1.9929834915041302e-09,3.478297929799016e-05,2.288197679332287e-06,4.691522792509284e-07,0.002111762433689929,7.159360208088087e-08,7.258882183712284e-05
40,1.5016601106530106e-08,2.389435727290637e-05,4.8580406725526924e-08,0.029227039744130413,7.845391411240852e-07,2.2495465403095512e-06,1.045623567573498e-06,3.374272404985942e-06,2.720888189119302e-08,4.1923367348898376e-05,8.663192843066832e-06,3.227694458000105e-06,1.7608673949641123e-08,0.9665194218171917,2.333199259693853e-10,2.733617382525442e-07,1.4991008241009606e-05,2.149459191935864e-05,1.172077716944736e-09,6.623312254655223e-05,1.0813101373543998e-06,2.6339311141191423e-07,0.004046668740490218,1.3693214224456002e-07,1.712356481332745e-05
41,3.322492451597871e-08,3.47375317413691e-05,1.1182508225985981e-07,0.009601588251021342,1.565769047000514e-06,1.436213654972225e-06,3.42684995501983e-06,2.6305020440661218e-06,6.480976026771213e-08,2.196900318432594e-05,5.53580864056141e-06,8.714922402346397e-06,3.094135007404633e-08,0.9886884239933027,8.883503970885376e-10,1.8058960952286596e-07,8.6307170381328e-06,1.4186920632410176e-05,1.1047915520551651e-09,2.5693976887112943e-05,9.842562348541375e-07,2.643833589153363e-07,0.0015203900120050538,4.1195798363876714e-08,5.9356309182960313e-05
42,2.721668721407903e-08,3.546536015207413e-05,1.5243011808106455e-07,0.016578075689477074,9.464815457064183e-07,1.8732869735558154e-06,3.82100987440852e-06,6.1932800675138604e-06,8.324374916635713e-08,3.62618839206576e-05,7.327942505198089e-06,1.5207867726501611e-05,4.0545473504587835e-08,0.9813773745694323,1.4735923590918385e-09,3.6019771883401314e-07,1.19778287234368e-05,1.8763265119075527e-05,2.3703281710541027e-09,3.406902822180541e-05,2.206880527908879e-06,7.681354326357302e-07,0.0018188994444151814,6.409719991308618e-08,5.0036471017629136e-05
43,2.35816412519176e-08,3.224250145165835e-05,1.0654140750060195e-07,0.010918274599778387,1.1440391291363864e-06,2.1021947573841048e-06,3.173885120047468e-06,3.258251355197606e-06,5.362392048252221e-08,4.8985501146849435e-05,4.936603577767191e-06,7.628815962891672e-06,3.124703794150619e-08,0.9868196435480556,8.67861036501871e-10,2.5736639220686797e-07,1.028117105235772e-05,1.8749728653717058e-05,1.6126197741527785e-09,3.3387912039547954e-05,1.7597186199673488e-06,3.9598168250175817e-07,0.002041747732708578,5.4101669026370016e-08,5.175887235914311e-05
44,2.942935761974238e-08,3.2761754691042055e-05,1.0360240032622897e-07,0.009814289641282713,1.320653862954245e-06,1.3857802748733856e-06,3.159235434513662e-06,2.5883994979131094e-06,5.797490292468461e-08,2.2464580172223923e-05,5.453748427052677e-06,8.578371752343205e-06,2.7990242644200637e-08,0.9884328059454732,8.017273124595795e-10,1.6808151483844982e-07,8.393612405572768e-06,1.3996798133068374e-05,1.1049158900179207e-09,2.4039111784534288e-05,1.0171111783482257e-06,2.78635285098251e-07,0.001572582729907638,4.1088979473113126e-08,5.4453816395887046e-05
45,3.202663728839656e-08,2.9266535109958867e-05,1.6592179151237418e-07,0.012391810345655209,1.5948564497282735e-06,1.9338606253208332e-06,4.339760069732438e-06,5.7812284137465844e-06,7.907142508129472e-08,2.3490020837304315e-05,9.335471997680875e-06,1.013699219746977e-05,3.305594602685354e-08,0.985924136955985,1.924125776069405e-09,3.2627919637197037e-07,1.0257203542072676e-05,1.6858891066769013e-05,1.4770542876546804e-09,2.9075957498270302e-05,1.1425180935386202e-06,4.619285471800858e-07,0.001480254752640844,4.614063177833011e-08,5.943682446193478e-05
46,2.300993886142459e-08,1.9626348322141538e-05,9.502682667212203e-08,0.013802442209622833,1.1063810891984014e-06,1.9361074742893136e-06,2.0040074364288186e-06,2.8923717835399313e-06,5.524418742018582e-08,1.6593920423865446e-05,7.335701061457967e-06,9.405430511593882e-06,5.821793399321183e-08,0.9840247468967072,7.710632961038246e-10,2.1808220090580546e-07,2.121541401570393e-05,1.7320597699322632e-05,1.2168563494487575e-09,3.3124234386666275e-05,1.5289942380534626e-06,4.730415272017519e-07,0.0019879567157259264,6.170127485648622e-08,4.977835769222802e-05
47,5.4348037898470015e-08,4.342413354712008e-05,1.4175825222444238e-07,0.01153236463632886,1.5416099162644784e-06,1.200422284584618e-06,4.169357011411447e-06,2.520077676524102e-06,1.0316846198003424e-07,2.5155213847251856e-05,4.173054772075098e-06,1.8784495541520583e-05,6.64789464095554e-08,0.9867937783182319,1.062839575263963e-09,2.2828985574873635e-07,1.2730377480280102e-05,2.0400301071495467e-05,1.3990791259269878e-09,3.489454686649071e-05,1.6769038711412812e-06,4.4126966727575135e-07,0.0014095756048599054,5.1473197810262255e-08,9.252169835537231e-05
48,2.968421215223001e-08,3.157577360589475e-05,1.0830501126992866e-07,0.009999600929588938,1.3747293055463988e-06,1.3531477939396395e-06,3.3295750846583814e-06,2.5984575781370934e-06,5.98977771365235e-08,2.18832069588433e-05,5.465304488827693e-06,8.919418207349419e-06,2.797486455750263e-08,0.9882786997338435,8.69977480487242e-10,1.739546884064817e-07,8.247251446388573e-06,1.4454176882856824e-05,9.991263602123199e-10,2.429930192154958e-05,1.0295740835809271e-06,2.777433026462412e-07,0.0015376440511036297,3.909619797594751e-08,5.880684294866465e-05
49,2.997189337581513e-08,3.183746493087254e-05,1.2726358110817557e-07,0.011859848940725741,1.1271435970655672e-06,1.5290087936012622e-06,3.2567402248187453e-06,2.6536157970400485e-06,5.983339234644253e-08,2.5983714105669554e-05,5.401526371848831e-06,1.0210411969420251e-05,3.226428453328985e-08,0.9861927172599477,7.827751574842607e-10,1.8033288191840119e-07,8.522936336751915e-06,1.5302849375004928e-05,1.1393184683815365e-09,2.545711602939035e-05,1.2251227844156247e-06,3.0432654935519533e-07,0.0017563415217147417,4.859751945644232e-08,5.7800115100094375e-05
50,2.5169307266719707e-08,2.8816076941952585e-05,8.79178242382942e-08,0.0073787248221193705,1.2522085249901837e-06,1.0776982829871879e-06,3.7277310634951048e-06,2.5219205882150787e-06,4.178140087366873e-08,2.510748504121774e-05,4.251074464613019e-06,8.16738018157235e-06,2.3972022143286868e-08,0.9910052592743326,7.181387201897219e-10,1.4037177222832305e-07,6.624174903456154e-06,1.1633057188948264e-05,9.51638151644432e-10,1.9963033381652977e-05,8.67388863697027e-07,2.3278512422072255e-07,0.0014452844892007813,2.845458451823099e-08,5.614006310808787e-05
51,3.691229750803618e-08,1.7786132183820945e-05,2.0015760353927806e-07,0.006913666389451042,6.219956933163517e-06,3.268314678660341e-06,6.581853385481718e-06,2.7344461434928506e-06,6.024681904544152e-08,2.9564556442621008e-05,1.1139228540289505e-05,7.203327016573038e-06,8.958278888399862e-08,0.9881079370789247,1.2547598837540968e-09,2.8374102156918414e-07,2.003393647078309e-05,1.478029627610191e-05,1.0542895126228303e-09,6.0006821920847166e-05,1.71918967988915e-06,2.0762485946896257e-07,0.004679123125317312,8.114162317166495e-08,0.00011727363057234083
52,3.986500570236137e-08,0.000247702583682415,3.5925634439356865e-07,0.05015593421422129,2.6875981339170887e-06,8.314292545557669e-07,2.048041246079706e-05,3.5391359990301306e-06,1.70900327853497e-07,4.8681407274507193e-05,7.77390833808304e-06,0.0001311021525592402,1.199946920414181e-07,0.9368363774571935,9.92632726186151e-10,2.628774949207439e-07,9.784294143031136e-06,3.767985970707008e-06,3.7160168084177145e-09,8.02343733361597e-05,6.0074926310916e-06,5.642901548616985e-07,0.012345473799706243,2.0862347553277777e-07,9.789123895063084e-05
53,3.089341667467802e-08,3.3424411355037216e-05,1.0473915233402018e-07,0.009857332466500281,1.2738889315560616e-06,1.4272728063544957e-06,2.9913090711868513e-06,2.562802761052965e-06,5.877609363720434e-08,2.249595995631329e-05,5.371125763098956e-06,8.389798639661338e-06,2.802604379236487e-08,0.9884332841928711,7.776153007852827e-10,1.6583883474848047e-07,8.544992940307311e-06,1.4567561895452867e-05,1.1444193708564394e-09,2.3771799250203282e-05,1.0078892013758868e-06,2.7852955029676144e-07,0.0015291659245013401,4.1948046767237965e-08,5.367793038272367e-05
54,3.147040281697721e-08,4.13075634358724e-05,7.626675068312764e-08,0.00619110837403472,1.1283240603312937e-06,9.749702093638845e-07,3.006678288479512e-06,1.5079802276007676e-06,5.560431872758569e-08,2.0289405231713923e-05,2.714044023160006e-06,7.999148091839614e-06,1.837299571472888e-08,0.9928000152582848,1.004341562241231e-09,1.2898688913307032e-07,4.860245227920476e-06,1.1427093355696489e-05,7.907356953997906e-10,1.4516823438156282e-05,6.253540588993234e-07,2.1085401176357921e-07,0.0008226127169767635,1.788272195205219e-08,7.53647878866401e-05
55,7.210218750241301e-08,5.0560936880168115e-05,1.7467653266983187e-07,0.015935708137195675,1.4392445671423986e-06,1.2879983130025116e-06,4.666751543694191e-06,2.4773937661419062e-06,1.644379091739869e-07,2.2718039633165556e-05,4.168547509399481e-06,2.5508166699495588e-05,7.909150556253915e-08,0.9826429996689331,9.317268023023959e-10,2.2152867138563332e-07,1.1119908913318365e-05,2.6192246179661376e-05,1.4467892722935102e-09,3.141658015248915e-05,1.8777038875479783e-06,4.11392568031195e-07,0.0011445351031604937,6.538761999553117e-08,9.213257715511823e-05
56,3.110419620703945e-08,3.274701749878839e-05,1.0482574135784434e-07,0.009658558452928172,1.3450476652200565e-06,1.4096165875969631e-06,3.1674928816981687e-06,2.590737581789181e-06,6.07985032958106e-08,2.2287777345014152e-05,5.433774757275384e-06,9.235603058866855e-06,3.2761312739874046e-08,0.9886121484667398,8.140527438015114e-10,1.7216653936652535e-07,9.079782503003089e-06,1.4427154601040224e-05,1.190986412431885e-09,2.513581435309597e-05,1.0714008470127115e-06,2.91089234212593e-07,0.001544625113928558,4.3242531253578296e-08,5.5998753625471925e-05
57,3.5245256365895765e-08,3.883780219096572e-05,1.1738735938507015e-07,0.011122496518241428,1.3963196499526125e-06,1.2182209139445612e-06,3.8518623393464655e-06,2.9410797842222738e-06,8.095689911266816e-08,2.5765578260076495e-05,4.488781455509141e-06,1.5241674843068005e-05,5.3649382978488876e-08,0.9871286662542953,9.60870487689326e-10,2.281465879144729e-07,1.0931704446521667e-05,1.5162477308939223e-05,1.4072098869504265e-09,3.482711893846413e-05,1.4684941476171421e-06,3.9064539361501404e-07,0.001524177978512638,4.6727593184393473e-08,6.757300811910134e-05
58,3.422738443020264e-08,3.458008458242419e-05,1.1484579573145286e-07,0.010625490408341242,1.3606170687142106e-06,1.5079298906324746e-06,3.255497476878301e-06,2.661818864603373e-06,6.554290005461143e-08,2.3222297925476155e-05,5.944863426902618e-06,9.72405347480096e-06,3.42457931505587e-08,0.9874579425221075,7.532428038191837e-10,1.7320872192055236e-07,9.097499227122006e-06,1.5095206287814078e-05,1.3129770741850836e-09,2.5863903099511202e-05,1.143476290478866e-06,2.9776641874722555e-07,0.0017287935192564709,5.3764017890067e-08,5.354063542751725e-05
59,3.613569491068997e-08,3.77820736391323e-05,1.3717490065225679e-07,0.011938450501308548,1.4663250221655125e-06,1.659886732936328e-06,3.6085522166774467e-06,2.9428982380175492e-06,7.017130297189062e-08,2.6344191907335055e-05,6.5705351334219405e-06,1.0038463407699302e-05,3.40335856267587e-08,0.985884757761311,8.294670172837754e-10,1.9176848723934525e-07,9.28018721669452e-06,1.5707623733636965e-05,1.3913045606330217e-09,2.864673829779041e-05,1.2477561937125037e-06,3.107320690896763e-07,0.0019744641864526237,6.040928849943882e-08,5.618967308802748e-05
60,2.942935761974238e-08,3.2761754691042055e-05,1.0360240032622897e-07,0.009814289641282713,1.320653862954245e-06,1.3857802748733856e-06,3.159235434513662e-06,2.5883994979131094e-06,5.797490292468461e-08,2.2464580172223923e-05,5.453748427052677e-06,8.578371752343205e-06,2.7990242644200637e-08,0.9884328059454732,8.017273124595795e-10,1.6808151483844982e-07,8.393612405572768e-06,1.3996798133068374e-05,1.1049158900179207e-09,2.4039111784534288e-05,1.0171111783482257e-06,2.78635285098251e-07,0.001572582729907638,4.1088979473113126e-08,5.4453816395887046e-05
61,3.636655250415796e-08,3.7887913219077864e-05,1.361486050166352e-07,0.011659771347888927,1.4795245359835742e-06,1.6879788876127783e-06,3.6219822039455396e-06,2.9535624633359255e-06,6.976905393093592e-08,2.656275194533799e-05,6.515655050849405e-06,9.930944417118251e-06,3.4464864845092594e-08,0.9861889025498183,8.43036189226523e-10,1.912587524900813e-07,9.491095838413209e-06,1.5775517567230075e-05,1.4237204023332114e-09,2.8279673533428064e-05,1.2522465410993036e-06,3.1317401993199725e-07,0.0019481339993231755,5.935357021346749e-08,5.691045459041786e-05
62,2.942935761974238e-08,3.2761754691042055e-05,1.0360240032622897e-07,0.009814289641282713,1.320653862954245e-06,1.3857802748733856e-06,3.159235434513662e-06,2.5883994979131094e-06,5.797490292468461e-08,2.2464580172223923e-05,5.453748427052677e-06,8.578371752343205e-06,2.7990242644200637e-08,0.9884328059454732,8.017273124595795e-10,1.6808151483844982e-07,8.393612405572768e-06,1.3996798133068374e-05,1.1049158900179207e-09,2.4039111784534288e-05,1.0171111783482257e-06,2.78635285098251e-07,0.001572582729907638,4.1088979473113126e-08,5.4453816395887046e-05
63,3.183755612252791e-08,3.845056384484068e-05,1.0869483263370788e-07,0.010015391660483921,1.3778017266211672e-06,1.4272732362362337e-06,3.3173235908276747e-06,2.5850451521205816e-06,6.257040814848017e-08,2.4154602137685727e-05,5.402630740566896e-06,8.966862624195794e-06,2.8132886166327993e-08,0.9881896565379807,8.558192863566462e-10,1.7286592823481946e-07,8.177830660958617e-06,1.3756525325064597e-05,1.232919516381286e-09,2.4527489708180864e-05,1.0447646327071634e-06,2.8298284840267233e-07,0.001604853491998769,4.2949236671867426e-08,5.617747372130599e-05
64,2.8059454683867656e-08,3.359625234284314e-05,1.0450127432233043e-07,0.010102229308100385,1.2574216371615561e-06,1.435207937363503e-06,3.292565433918121e-06,2.558456762054019e-06,6.038495653722823e-08,2.5020644706215725e-05,5.247703904264907e-06,9.605929707083555e-06,3.0346538436854985e-08,0.9880735931496383,8.456348708010543e-10,1.7700193979250372e-07,8.532157488181368e-06,1.447255365316863e-05,1.2017982792888192e-09,2.468496275914144e-05,1.252866525768435e-06,3.132992575749924e-07,0.001636062902308998,4.362244006876108e-08,5.6398653800563294e-05
65,4.0039616316358266e-08,3.6918139617743224e-05,1.1064368701404372e-07,0.01018172447075783,1.5619892089367745e-06,1.4067631501983357e-06,3.046303561776518e-06,2.4533055439530313e-06,8.073927719052776e-08,1.7128138369898272e-05,6.453014763772007e-06,9.941788831592586e-06,3.526697017902356e-08,0.9881458478131419,8.156253691098962e-10,1.6950728309090668e-07,1.0426139253610065e-05,1.557791727798924e-05,1.2590632293415461e-09,2.420812322234494e-05,1.015556320051253e-06,3.216243998622319e-07,0.001485478101586287,5.080023084937835e-08,5.600173923903605e-05
66,3.0374353692157004e-08,3.3227516126215685e-05,1.0783271323635146e-07,0.009948006828742664,1.3746712595386824e-06,1.4413998465047397e-06,3.2362441756398443e-06,2.6223268299170102e-06,5.941444101556391e-08,2.330263614904696e-05,5.568096194238541e-06,8.649470576541036e-06,2.9236152098415266e-08,0.988234334723265,8.15080252913636e-10,1.7299678821288484e-07,8.65900176606827e-06,1.4353464666767782e-05,1.1365125975603282e-09,2.512141325331545e-05,1.0532037471413862e-06,2.805300638874827e-07,0.0016325875063655708,4.315206442435161e-08,5.573600886634418e-05
67,1.531807752663819e-08,1.6173168168094277e-05,6.556096894290336e-08,0.009438535735610883,9.59739471630001e-07,1.5096899475778632e-06,1.6295124523608895e-06,1.7355422309880216e-06,2.9093009201951915e-08,1.7575654912740982e-05,4.743197265931266e-06,5.161650810345154e-06,3.079633274617327e-08,0.9884813230640737,3.7559832565179476e-10,1.311765519773249e-07,8.91366989137497e-06,1.076055735731339e-05,6.443084038223008e-10,2.6770616344542433e-05,8.021168544925877e-07,1.5983650435267347e-07,0.001945742074894282,4.1126679216394004e-08,3.71900816831276e-05
68,2.7051267279767112e-08,3.211828963268288e-05,8.832397108883208e-08,0.008202076381891472,1.5541396749600934e-06,1.3646656899445146e-06,3.2029519490542526e-06,2.564216889638208e-06,5.802525432472464e-08,1.9879200958500224e-05,5.614442396952457e-06,7.791426178149673e-06,2.7281384626652876e-08,0.9902289830512242,1.0018652119729169e-09,1.756721847061979e-07,8.700473503545184e-06,1.2668334295564429e-05,1.0913024795735853e-09,2.3697068645030686e-05,9.042134349136119e-07,2.811635639281109e-07,0.0013915217030271924,3.426016912350729e-08,5.666556964550847e-05
69,3.38612093499015e-08,3.4494514697813015e-05,9.77052198997438e-08,0.008300786079990305,1.2958866670274781e-06,1.2931643775160506e-06,3.1353398544609335e-06,2.3077919055113524e-06,6.123441863185378e-08,2.1664028651812396e-05,4.502155338849122e-06,8.065540809835484e-06,2.5249152608440017e-08,0.9903128338279428,8.614367697576126e-10,1.546025771801581e-07,8.11424268417027e-06,1.5269067127661044e-05,1.0514105916376198e-09,2.002967451605495e-05,8.602100567954498e-07,2.7830734525665624e-07,0.0012025407715469695,3.165456786829102e-08,6.212317649433529e-05
70,1.9856782147974023e-08,8.179988039980466e-05,1.2942317960938731e-07,0.01278132571975729,1.673411517071648e-06,2.9838798964366123e-06,6.295202552633337e-06,2.3937789719718563e-06,8.639192397814687e-08,4.4087794338484956e-05,1.7346011877639605e-05,1.4074313635226586e-05,1.9496552968944773e-08,0.9791170121603965,1.1846993718468573e-09,1.2917282726318396e-07,8.151444980359628e-06,8.383135152289878e-06,5.557634579190064e-09,1.8210948691593918e-05,4.503528381155287e-06,7.235312499247022e-07,0.007842533020559456,1.7261938709298505e-07,4.793853465521141e-05
71,3.19939912982786e-08,3.0251222950090005e-05,1.3734731101972042e-07,0.010828525308332403,1.04978562294691e-06,1.7213570165593607e-06,3.3163135431409882e-06,3.064936213689447e-06,6.394990877646921e-08,2.12355882023941e-05,7.170966916707747e-06,8.688085716802846e-06,2.20492835508544e-08,0.9875241334782662,9.283444577990689e-10,1.5736733897189187e-07,7.807950527815244e-06,1.647119062967031e-05,1.291680580400098e-09,1.6048287542792832e-05,1.074517261501054e-06,3.528471450152115e-07,0.0014763858844393934,4.442526676602421e-08,5.224292654745716e-05
72,5.5077385705339414e-08,2.447627936031502e-05,2.270051739831277e-07,0.01245928105129576,1.125262251815782e-06,2.5536730433922673e-06,3.78855476152688e-06,5.840029581579011e-06,1.3507258860317846e-07,2.2718081701738275e-05,7.962386077873162e-06,1.3576051686126386e-05,6.172165612781388e-08,0.9865872094182039,1.132841793724918e-09,3.292934927263039e-07,1.1416485727330062e-05,3.680699124442471e-05,2.1120009424142062e-09,2.4075634849433208e-05,2.119006418963691e-06,4.919642027167748e-07,0.0007492242240552916,7.22154101332982e-08,4.6451274987844933e-05
73,3.195911156972053e-08,3.203002363950044e-05,1.2505320293396952e-07,0.009677528704767426,1.8748254935551133e-06,1.471973681695347e-06,4.4443283058811985e-06,3.1367037151106526e-06,6.70445163072236e-08,2.5019491186824635e-05,6.913301689905424e-06,1.1969185110310538e-05,4.348914144049332e-08,0.9879891162139756,1.3530422820964946e-09,2.134540208135505e-07,1.2536672952936779e-05,1.529734403081771e-05,1.357647344668328e-09,3.2750663597721766e-05,1.5110756745302863e-06,4.302155654985651e-07,0.0021038657165472234,4.836724200285258e-08,7.957148214074293e-05
74,2.3866609022908455e-08,2.8202951856825248e-05,9.395110917717897e-08,0.00971197777877226,1.5622274444814055e-06,1.3953624021806857e-06,3.0270096498610354e-06,2.2966417034463376e-06,4.280400075887166e-08,2.2159700303906156e-05,5.939620213603108e-06,6.511993345690046e-06,2.544841324164286e-08,0.9878770369531967,5.683603282781235e-10,1.4753357338260903e-07,8.051431207480438e-06,1.1066022053590535e-05,8.637513963548037e-10,2.7479346404680564e-05,8.595459971991178e-07,1.915020735138274e-07,0.002244404723065589,4.512604848300066e-08,4.745702844322098e-05
75,2.6938333268314312e-08,2.5524529199815857e-05,6.459046328746499e-08,0.006615650774497561,2.1845783467856042e-06,1.066508123932485e-06,2.4841372792809412e-06,2.216248574293749e-06,5.2448954890794654e-08,1.0684506114047181e-05,6.258580975707948e-06,6.92099708331436e-06,4.022377907928193e-08,0.9919530229002208,6.138083629653258e-10,1.5780226058652997e-07,1.0083687962607428e-05,9.219715262539223e-06,8.492510080350343e-10,2.973640846244028e-05,6.154154335844946e-07,1.761406358668754e-07,0.0012828681918270162,3.716468932088655e-08,4.0906048460882264e-05
76,2.9415483092156315e-08,3.189083530981553e-05,1.0243042402396148e-07,0.010014315089591705,1.1858441098678413e-06,1.3523010303794338e-06,3.018566933420599e-06,2.434368900357514e-06,5.351845477521988e-08,2.4727083444004774e-05,4.735348184865262e-06,8.359021452002527e-06,2.7671245693918374e-08,0.9882621925387005,6.983405206670677e-10,1.6063105569708008e-07,7.925953060394667e-06,1.4692867455741125e-05,1.0285155569087129e-09,2.4276978819801483e-05,9.972559963406654e-07,2.5278982470304097e-07,0.0015425050059660697,3.983627923869033e-08,5.47229214210735e-05
77,3.154027390746179e-08,5.35221900347322e-05,8.320553117721499e-08,0.01047603631788448,1.404783359282017e-06,9.019894632786581e-07,2.8501792636045013e-06,1.993341870874797e-06,8.245524680930636e-08,1.3094185064892466e-05,5.361249106323591e-06,1.4882850517859086e-05,3.5740889250644087e-08,0.9879652557151563,1.0932649608662345e-09,1.7444090685728172e-07,8.11646650428313e-06,8.394862521315395e-06,1.2360876854387903e-09,2.5932066421220522e-05,8.489442034540895e-07,3.361624707344613e-07,0.0013622350350744796,3.903620770493252e-08,5.8384912674612266e-05
78,3.2416165541309746e-08,3.458094487045423e-05,1.4795147112789095e-07,0.014718093115933011,1.2976712934327134e-06,1.7774590514836606e-06,3.526513261841339e-06,3.1052665157340717e-06,6.565641692662128e-08,3.0261809348655983e-05,5.90655135675543e-06,9.912347443191174e-06,3.5481098453321535e-08,0.9829801843015689,7.373596153151186e-10,2.0429225385649526e-07,9.362938106392145e-06,1.7005080662053982e-05,1.2039499273155442e-09,3.174729925942633e-05,1.3701025085860066e-06,2.824025739867568e-07,0.0020947444487738405,6.008863720274083e-08,5.629392011952943e-05
79,2.909458215656109e-08,3.257230983013813e-05,9.992660368904444e-08,0.00958094029685253,1.3087013480176393e-06,1.3509526954967822e-06,3.0970103471393387e-06,2.4985393438711628e-06,5.69118193645157e-08,2.1958098375851033e-05,5.334633562548639e-06,8.432527273789007e-06,2.7221894064745335e-08,0.988700398685408,7.932181115084276e-10,1.6365607015017347e-07,8.280613747424748e-06,1.3837595772068474e-05,1.0740369921327212e-09,2.346192835114053e-05,9.892868549966613e-07,2.7482921266130883e-07,0.0015403173812115155,3.965993138445459e-08,5.4528271656811524e-05
80,4.891315081712325e-08,5.742460528551368e-05,1.5354572940960545e-07,0.012510274664346496,1.1282822447389446e-06,1.4880840177128072e-06,3.942320430680533e-06,3.1998950794456944e-06,1.0510993177305073e-07,2.3423438827220268e-05,6.313823290324717e-06,1.2531262094199289e-05,2.2782554308199982e-08,0.9859690463684054,9.995369104653513e-10,1.7015884957179773e-07,6.919182339002445e-06,1.7099636487637684e-05,1.8955910277988814e-09,1.6563357825558328e-05,1.230998680079751e-06,4.192843886287697e-07,0.001315549429820402,5.287266919061929e-08,5.2889088423902255e-05
81,2.942935761974238e-08,3.2761754691042055e-05,1.0360240032622897e-07,0.009814289641282713,1.320653862954245e-06,1.3857802748733856e-06,3.159235434513662e-06,2.5883994979131094e-06,5.797490292468461e-08,2.2464580172223923e-05,5.453748427052677e-06,8.578371752343205e-06,2.7990242644200637e-08,0.9884328059454732,8.017273124595795e-10,1.6808151483844982e-07,8.393612405572768e-06,1.3996798133068374e-05,1.1049158900179207e-09,2.4039111784534288e-05,1.0171111783482257e-06,2.78635285098251e-07,0.001572582729907638,4.1088979473113126e-08,5.4453816395887046e-05
82,2.0337741392973174e-08,2.281745416744103e-05,6.107478769916045e-08,0.005624587769248478,1.1434508379499161e-06,1.0516079065221646e-06,2.572088052405912e-06,1.7763529283518886e-06,3.518994129808121e-08,1.4713274070504423e-05,4.776782907974774e-06,6.155416013376327e-06,1.9798298135732307e-08,0.9929062134697211,5.658302761587573e-10,8.892880590401371e-08,7.350246756539455e-06,1.0093403815388717e-05,8.551619125888411e-10,1.3635457405310916e-05,7.693091801261423e-07,2.1862607939899046e-07,0.0013352639477505176,2.528906516599373e-08,4.660930352678362e-05
83,4.31229294566877e-08,3.7567309553889955e-05,2.7623279594174034e-07,0.01737644172871438,1.5924756391527383e-06,4.499613388961742e-06,3.303708141971555e-06,5.35194293311861e-06,4.681492311945489e-08,6.145513908111717e-05,9.509048788640554e-06,4.174180439752104e-06,2.895029709929198e-08,0.9783207454063779,2.674316010359851e-10,2.561070117091785e-07,7.033906882411315e-06,1.4412619203343983e-05,2.2199934152084875e-09,4.3736541513558986e-05,1.1014041422530684e-06,1.0678583398205213e-07,0.00408466456840599,1.6761255029786945e-07,2.3482293026803644e-05
84,5.1950169269031934e-08,4.711609449799809e-05,1.333953430879329e-07,0.008745478000283233,2.143757870023357e-06,8.19673119987746e-07,5.514247191088699e-06,3.0225541840587277e-06,6.076210376868468e-08,3.686880685531751e-05,3.2680434741533907e-06,1.2284157808300244e-05,4.164144421777026e-08,0.9893840126385677,9.247175527348992e-10,2.0914217869333344e-07,8.97501158195045e-06,1.664007814234915e-05,9.63639523005375e-10,4.648843967505789e-05,1.0315517732350917e-06,2.4714555355850145e-07,0.0015939200837487401,3.372010025025221e-08,9.163721597680343e-05
85,6.784296613705707e-08,6.802309305043706e-05,2.416248379975166e-07,0.011660137908251409,1.9664055211196772e-06,1.3763793778901415e-06,8.54603141591742e-06,3.644037951368408e-06,1.1207532562070014e-07,4.221856982827001e-05,6.986346835062766e-06,2.0372159542891828e-05,3.4898429314185e-08,0.9856068264848171,1.4823997731892176e-09,1.9428910170462227e-07,9.354764695379818e-06,2.0700518926026185e-05,2.256217592229963e-09,2.580026455953839e-05,2.1944374774820532e-06,5.907604504902936e-07,0.0024172420839790785,6.810005933069616e-08,0.00010329718398317319
86,2.5177099461612203e-08,2.8107135017313936e-05,1.0375786528962236e-07,0.012168486860649506,1.262095589586638e-06,1.235673145651571e-06,3.589415616102361e-06,1.8485133134638707e-06,5.301317523726418e-08,2.5035304036594478e-05,4.265002669432226e-06,1.0392186960271075e-05,3.002349097253166e-08,0.9859884250587015,1.294774177527863e-09,1.7534012105822218e-07,8.15904218491962e-06,1.680156739738961e-05,6.027887009067728e-10,2.77532542498786e-05,1.0354327120417385e-06,2.7918877437105686e-07,0.0016078045247910494,2.9491626027085632e-08,0.00010510104324972706
87,2.9816115787935625e-08,3.329829908437963e-05,1.0242030160350823e-07,0.010058980845816743,1.431501381910541e-06,1.3955286257204722e-06,3.206142861650907e-06,2.6171189122923626e-06,6.126163518686969e-08,2.2471420079148332e-05,5.455391241395163e-06,8.760946306683652e-06,3.058665494423046e-08,0.988173313057011,8.410036519525909e-10,1.8234630346360373e-07,8.923945642370023e-06,1.4192855419483295e-05,1.0977515296963768e-09,2.6657738962430884e-05,1.0330607999663878e-06,2.819797068707527e-07,0.0015815156488325273,4.2097618624322774e-08,5.601405193071306e-05
88,1.930343695746625e-08,2.0149692230686942e-05,4.372306302534705e-08,0.006920253430373436,6.568201406236434e-07,9.453151975020558e-07,1.254305845322381e-06,1.2414531788096945e-06,2.9612631149864745e-08,1.3231558845221329e-05,3.1985683197073916e-06,5.137405081148348e-06,2.1295555469084617e-08,0.9919987313456886,2.1869794748545665e-10,8.343574200849343e-08,5.365118966331299e-06,1.0381340009708693e-05,6.432430001874998e-10,1.588675587286481e-05,5.238450165429092e-07,1.2214395022075027e-07,0.0009763220941161185,3.1925812527254694e-08,2.6368648985217362e-05
89,2.5169765278368558e-08,3.302540811969197e-05,7.563237980750951e-08,0.006569110930772816,1.5660490119448616e-06,1.038946360366401e-06,3.3936556783040253e-06,2.5408646645164633e-06,5.487702272669416e-08,1.6936242476431967e-05,5.593694627062644e-06,8.093413843430887e-06,2.2720777512029554e-08,0.9920358699294431,1.0091832188776318e-09,1.5618356366527195e-07,7.175905209294175e-06,1.0325000149647639e-05,1.0821268046379672e-09,1.9933551737399082e-05,8.081606796926773e-07,2.868477167221446e-07,0.0012333817680767532,2.880560108579138e-08,5.0554151012745885e-05
90,5.167627983359479e-08,4.4737329869908565e-05,1.5617199673565848e-07,0.012602416680252285,1.2175321006860734e-06,1.5000346498340247e-06,3.346931175983522e-06,2.4163530396366574e-06,6.415742474397303e-08,2.5437371258528186e-05,5.588501208134697e-06,8.785047243836396e-06,2.5091016629546443e-08,0.9853518578535587,4.101630613456369e-10,1.208820956223684e-07,7.251529656104798e-06,1.623080779375843e-05,1.2925067662435059e-09,2.0786791124892153e-05,9.303685960877283e-07,1.9405360275310325e-07,0.0018587810405386108,6.291105672579486e-08,4.803918179006976e-05
91,2.942935761974238e-08,3.2761754691042055e-05,1.0360240032622897e-07,0.009814289641282713,1.320653862954245e-06,1.3857802748733856e-06,3.159235434513662e-06,2.5883994979131094e-06,5.797490292468461e-08,2.2464580172223923e-05,5.453748427052677e-06,8.578371752343205e-06,2.7990242644200637e-08,0.9884328059454732,8.017273124595795e-10,1.6808151483844982e-07,8.393612405572768e-06,1.3996798133068374e-05,1.1049158900179207e-09,2.4039111784534288e-05,1.0171111783482257e-06,2.78635285098251e-07,0.001572582729907638,4.1088979473113126e-08,5.4453816395887046e-05
92,2.942935761974238e-08,3.2761754691042055e-05,1.0360240032622897e-07,0.009814289641282713,1.320653862954245e-06,1.3857802748733856e-06,3.159235434513662e-06,2.5883994979131094e-06,5.797490292468461e-08,2.2464580172223923e-05,5.453748427052677e-06,8.578371752343205e-06,2.7990242644200637e-08,0.9884328059454732,8.017273124595795e-10,1.6808151483844982e-07,8.393612405572768e-06,1.3996798133068374e-05,1.1049158900179207e-09,2.4039111784534288e-05,1.0171111783482257e-06,2.78635285098251e-07,0.001572582729907638,4.1088979473113126e-08,5.4453816395887046e-05
93,2.942935761974238e-08,3.2761754691042055e-05,1.0360240032622897e-07,0.009814289641282713,1.320653862954245e-06,1.3857802748733856e-06,3.159235434513662e-06,2.5883994979131094e-06,5.797490292468461e-08,2.2464580172223923e-05,5.453748427052677e-06,8.578371752343205e-06,2.7990242644200637e-08,0.9884328059454732,8.017273124595795e-10,1.6808151483844982e-07,8.393612405572768e-06,1.3996798133068374e-05,1.1049158900179207e-09,2.4039111784534288e-05,1.0171111783482257e-06,2.78635285098251e-07,0.001572582729907638,4.1088979473113126e-08,5.4453816395887046e-05
94,2.942935761974238e-08,3.2761754691042055e-05,1.0360240032622897e-07,0.009814289641282713,1.320653862954245e-06,1.3857802748733856e-06,3.159235434513662e-06,2.5883994979131094e-06,5.797490292468461e-08,2.2464580172223923e-05,5.453748427052677e-06,8.578371752343205e-06,2.7990242644200637e-08,0.9884328059454732,8.017273124595795e-10,1.6808151483844982e-07,8.393612405572768e-06,1.3996798133068374e-05,1.1049158900179207e-09,2.4039111784534288e-05,1.0171111783482257e-06,2.78635285098251e-07,0.001572582729907638,4.1088979473113126e-08,5.4453816395887046e-05
